# Created by Octave 4.0.0, Wed Feb 01 08:43:03 2017 EET <nikolay@nikolay-Lenovo-Y50-70>
# name: C
# type: matrix
# rows: 10000
# columns: 1
 -9995
 99984789
 -9995
 -9998
 -9999
 -9997
 -9997
 -9996
 -9997
 -9997
 -9998
 -9999
 -9998
 -9997
 -9999
 -9997
 -9998
 -9999
 -9997
 -9999
 -9997
 -9997
 -9996
 -9999
 -9996
 -9999
 -9999
 -9999
 -9995
 -9997
 -9994
 -9997
 -9998
 -9999
 -9998
 -9998
 -9998
 -9999
 -9999
 -9994
 -9999
 -9999
 -9999
 -9996
 -9999
 -9997
 -9996
 -9999
 -9999
 -9998
 -9999
 -9997
 -9999
 -9994
 -9998
 -9998
 -9994
 -9991
 -9997
 -9999
 -9998
 -9998
 -9998
 -9998
 -9999
 -9999
 -9999
 -9997
 -9994
 -9998
 -9999
 -9999
 -9997
 -9992
 -9994
 -9994
 -9996
 -9999
 -9989
 -9998
 -9999
 -9999
 -9997
 -9998
 -9999
 -9999
 -9998
 -9996
 -9997
 -9996
 -9997
 -9998
 -9999
 -9998
 -9998
 -9998
 -9999
 -9998
 -9998
 -9993
 -9998
 -9999
 -9999
 -9992
 -9999
 -9999
 -9999
 -9998
 -9997
 -9998
 -9996
 -9999
 -9999
 -9996
 -9997
 -9997
 -9999
 -9998
 -9997
 -9997
 -9998
 -9996
 -9999
 -9990
 -9994
 -9999
 -9999
 -9994
 -9999
 -9999
 -9999
 -9998
 -9991
 -9999
 -9996
 -9999
 -9997
 -9997
 -9997
 -9998
 -9997
 -9998
 -9998
 -9999
 -9998
 -9997
 -9999
 -9995
 -9999
 -9999
 -9999
 -9997
 -9999
 -9997
 -9992
 -9998
 -9999
 -9999
 -9994
 -9999
 -9998
 -9999
 -9998
 -9998
 -9995
 -9999
 -9996
 -9999
 -9999
 -9999
 -9998
 -9999
 -9996
 -9999
 -9999
 -9999
 -9999
 -9998
 -9997
 -9996
 -9999
 -9997
 -9999
 -9999
 -9998
 -9997
 -9999
 -9995
 -9999
 -9997
 -9999
 -9998
 -9999
 -9996
 -9999
 -9996
 -9998
 -9998
 -9994
 -9997
 -9999
 -9999
 -9999
 -9998
 -9998
 -9999
 -9999
 -9999
 -9999
 -9998
 -9994
 -9998
 -9998
 -9999
 -9993
 -9997
 -9999
 -9999
 -9999
 -9999
 -9996
 -9996
 -9999
 -9999
 -9999
 -9999
 -9997
 -9999
 -9998
 -9998
 -9998
 -9997
 -9999
 -9995
 -9998
 -9999
 -9996
 -9998
 -9999
 -9999
 -9997
 -9998
 -9996
 -9996
 -9997
 -9991
 -9996
 -9995
 -9997
 -9998
 -9998
 -9997
 -9996
 -9998
 -9996
 -9996
 -9996
 -9993
 -9994
 -9999
 -9997
 -9989
 -9999
 -9999
 -9999
 -9994
 -9999
 -9992
 -9999
 -9999
 -9999
 -9999
 -9995
 -9998
 -9995
 -9999
 -9996
 -9992
 -9997
 -9999
 -9998
 -9997
 -9995
 -9999
 -9998
 -9998
 -9998
 -9996
 -9999
 -9998
 -9996
 -9998
 -9995
 -9999
 -9997
 -9998
 -9999
 -9996
 -9994
 -9994
 -9999
 -9999
 -9998
 -9998
 -9999
 -9997
 -9999
 -9999
 -9997
 -9999
 -9999
 -9998
 -9998
 -9998
 -9999
 -9999
 -9999
 -9995
 -9998
 -9999
 -9993
 -9992
 -9998
 -9994
 -9998
 -9999
 -9999
 -9999
 -9995
 -9999
 -9999
 -9998
 -9998
 -9989
 -9999
 -9995
 -9994
 -9998
 -9999
 -9998
 -9997
 -9999
 -9997
 -9999
 -9998
 -9999
 -9999
 -9999
 -9999
 -9993
 -9998
 -9999
 -9998
 -9997
 -9998
 -9998
 -9999
 -9998
 -9992
 -9998
 -9998
 -9998
 -9996
 -9999
 -9995
 -9998
 -9995
 -9999
 -9996
 -9999
 -9991
 -9999
 -9997
 -9997
 -9995
 -9998
 -9999
 -9999
 -9998
 -9996
 -9995
 -9999
 -9995
 -9999
 -9997
 -9999
 -9999
 -9999
 -9999
 -9999
 -9996
 -9999
 -9991
 -9998
 -9998
 -9998
 -9997
 -9999
 -9999
 -9998
 -9999
 -9990
 -9999
 -9997
 -9999
 -9995
 -9999
 -9997
 -9999
 -9999
 -9999
 -9999
 -9999
 -9999
 -9994
 -9998
 -9999
 -9999
 -9999
 -9993
 -9999
 -9996
 -9997
 -9996
 -9996
 -9998
 -9997
 -9996
 -9999
 -9999
 -9999
 -9996
 -9999
 -9997
 -9998
 -9997
 -9999
 -9995
 -9999
 -9997
 -9998
 -9999
 -9996
 -9999
 -9998
 -9996
 -9999
 -9998
 -9993
 -9999
 -9994
 -9998
 -9997
 -9998
 -9999
 -9997
 -9997
 -9998
 -9997
 -9997
 -9998
 -9996
 -9997
 -9999
 -9999
 -9999
 -9998
 -9999
 -9997
 -9999
 -9998
 -9999
 -9997
 -9999
 -9999
 -9995
 -9992
 -9999
 -9994
 -9999
 -9999
 -9996
 -9998
 -9997
 -9997
 -9999
 -9998
 -9998
 -9998
 -9999
 -9999
 -9999
 -9996
 -9998
 -9999
 -9999
 -9998
 -9999
 -9996
 -9997
 -9998
 -9994
 -9996
 -9997
 -9998
 -9998
 -9998
 -9996
 -9999
 -9999
 -9999
 -9997
 -9999
 -9998
 -9997
 -9995
 -9999
 -9999
 -9999
 -9998
 -9998
 -9997
 -9994
 -9998
 -9999
 -9997
 -9998
 -9997
 -9999
 -9998
 -9999
 -9997
 -9999
 -9989
 -9998
 -9997
 -9996
 -9998
 -9998
 -9995
 -9995
 -9999
 -9997
 -9996
 -9999
 -9998
 -9999
 -9999
 -9999
 -9999
 -9997
 -9999
 -9999
 -9997
 -9997
 -9996
 -9989
 -9999
 -9999
 -9999
 -9997
 -9999
 -9998
 -9997
 -9997
 -9997
 -9999
 -9999
 -9996
 -9997
 -9997
 -9998
 -9995
 -9999
 -9997
 -9997
 -9997
 -9999
 -9999
 -9998
 -9995
 -9991
 -9993
 -9999
 -9997
 -9999
 -9996
 -9999
 -9998
 -9999
 -9998
 -9999
 -9999
 -9998
 -9988
 -9999
 -9999
 -9999
 -9999
 -9999
 -9998
 -9999
 -9996
 -9985
 -9995
 -9999
 -9998
 -9999
 -9999
 -9999
 -9998
 -9995
 -9999
 -9998
 -9998
 -9999
 -9997
 -9998
 -9998
 -9999
 -9999
 -9997
 -9999
 -9999
 -9994
 -9999
 -9998
 -9999
 -9999
 -9997
 -9999
 -9999
 -9998
 -9999
 -9998
 -9986
 -9997
 -9998
 -9999
 -9997
 -9997
 -9998
 -9999
 -9999
 -9998
 -9999
 -9999
 -9999
 -9998
 -9999
 -9998
 -9999
 -9999
 -9996
 -9999
 -9999
 -9999
 -9999
 -9996
 -9992
 -9999
 -9993
 -9998
 -9995
 -9997
 -9998
 -9996
 -9999
 -9998
 -9996
 -9999
 -9996
 -9997
 -9999
 -9996
 -9996
 -9999
 -9998
 -9996
 -9996
 -9998
 -9998
 -9998
 -9997
 -9998
 -9999
 -9998
 -9996
 -9999
 -9999
 -9998
 -9999
 -9997
 -9999
 -9999
 -9999
 -9999
 -9993
 -9999
 -9998
 -9998
 -9999
 -9998
 -9999
 -9997
 -9999
 -9996
 -9999
 -9999
 -9991
 -9998
 -9998
 -9999
 -9995
 -9999
 -9995
 -9992
 -9996
 -9999
 -9998
 -9998
 -9999
 -9997
 -9999
 -9999
 -9998
 -9998
 -9999
 -9999
 -9999
 -9999
 -9999
 -9999
 -9997
 -9998
 -9998
 -9996
 -9995
 -9996
 -9999
 -9999
 -9999
 -9999
 -9996
 -9999
 -9997
 -9999
 -9998
 -9997
 -9998
 -9997
 -9999
 -9995
 -9996
 -9999
 -9999
 -9996
 -9996
 -9996
 -9999
 -9997
 -9999
 -9998
 -9998
 -9995
 -9999
 -9997
 -9994
 -9997
 -9997
 -9997
 -9988
 -9998
 -9998
 -9999
 -9999
 -9998
 -9999
 -9999
 -9999
 -9996
 -9997
 -9999
 -9995
 -9999
 -9999
 -9994
 -9999
 -9999
 -9999
 -9999
 -9997
 -9999
 -9994
 -9998
 -9997
 -9998
 -9994
 -9990
 -9998
 -9998
 -9996
 -9999
 -9999
 -9997
 -9996
 -9997
 -9999
 -9999
 -9999
 -9995
 -9989
 -9999
 -9997
 -9996
 -9997
 -9996
 -9999
 -9999
 -9999
 -9998
 -9996
 -9998
 -9999
 -9998
 -9999
 -9999
 -9998
 -9999
 -9997
 -9999
 -9995
 -9996
 -9998
 -9997
 -9998
 -9999
 -9999
 -9999
 -9999
 -9999
 -9998
 -9999
 -9998
 -9999
 -9999
 -9998
 -9994
 -9998
 -9999
 -9999
 -9999
 -9999
 -9996
 -9998
 -9996
 -9999
 -9999
 -9999
 -9996
 -9998
 -9997
 -9999
 -9994
 -9998
 -9999
 -9997
 -9998
 -9999
 -9998
 -9998
 -9999
 -9996
 -9998
 -9998
 -9997
 -9999
 -9998
 -9997
 -9997
 -9998
 -9999
 -9996
 -9998
 -9999
 -9999
 -9997
 -9998
 -9995
 -9999
 -9999
 -9997
 -9999
 -9999
 -9999
 -9998
 -9999
 -9998
 -9999
 -9998
 -9999
 -9996
 -9993
 -9995
 -9999
 -9999
 -9996
 -9998
 -9996
 -9997
 -9997
 -9999
 -9999
 -9998
 -9999
 -9999
 -9998
 -9992
 -9993
 -9999
 -9999
 -9994
 -9999
 -9999
 -9998
 -9997
 -9997
 -9999
 -9993
 -9997
 -9998
 -9999
 -9996
 -9999
 -9992
 -9998
 -9999
 -9998
 -9999
 -9999
 -9987
 -9994
 -9996
 -9992
 -9998
 -9999
 -9997
 -9995
 -9999
 -9999
 -9998
 -9998
 -9994
 -9999
 -9996
 -9992
 -9997
 -9997
 -9995
 -9989
 -9998
 -9999
 -9999
 -9999
 -9997
 -9996
 -9994
 -9992
 -9999
 -9999
 -9997
 -9997
 -9999
 -9992
 -9999
 -9997
 -9999
 -9998
 -9999
 -9993
 -9996
 -9999
 -9993
 -9999
 -9999
 -9999
 -9999
 -9998
 -9991
 -9997
 -9999
 -9997
 -9996
 -9997
 -9999
 -9999
 -9999
 -9996
 -9998
 -9999
 -9996
 -9992
 -9999
 -9993
 -9995
 -9997
 -9999
 -9999
 -9999
 -9998
 -9998
 -9997
 -9997
 -9997
 -9998
 -9999
 -9999
 -9998
 -9997
 -9999
 -9992
 -9999
 -9999
 -9999
 -9998
 -9999
 -9999
 -9999
 -9999
 -9999
 -9998
 -9995
 -9999
 -9998
 -9998
 -9998
 -9997
 -9999
 -9997
 -9996
 -9994
 -9997
 -9999
 -9997
 -9998
 -9998
 -9999
 -9999
 -9998
 -9997
 -9998
 -9991
 -9998
 -9998
 -9999
 -9996
 -9995
 -9999
 -9999
 -9999
 -9995
 -9999
 -9999
 -9997
 -9997
 -9992
 -9996
 -9998
 -9996
 -9997
 -9994
 -9999
 -9997
 -9995
 -9995
 -9999
 -9998
 -9999
 -9997
 -9995
 -9996
 -9996
 -9995
 -9999
 -9999
 -9997
 -9998
 -9999
 -9999
 -9994
 -9998
 -9999
 -9992
 -9998
 -9999
 -9996
 -9997
 -9999
 -9994
 -9996
 -9997
 -9995
 -9997
 -9999
 -9997
 -9992
 -9999
 -9996
 -9998
 -9998
 -9999
 -9998
 -9999
 -9999
 -9998
 -9996
 -9998
 -9997
 -9999
 -9999
 -9999
 -9998
