# Created by Octave 4.0.0, Wed Feb 01 08:43:37 2017 EET <nikolay@nikolay-Lenovo-Y50-70>
# name: D
# type: scalar
-Inf


